1.000000000000000000e+00,-1.516095616305251637e-01,-4.234423414543568923e-03,-3.945322877111506060e-03,1.118507066058881810e-02,-3.080980106752083392e-03,9.817542701305033426e-02,-4.533012816408866358e-02,1.405113061837093558e-01,1.291164201141949130e-01,-1.915593560475590817e-01,-2.466826942334996997e-01,-2.157894535446269746e-01,-1.714424675362565820e-01,6.518063983561976638e-02,2.328787596928982850e-01,-1.004716955341784790e-01,-1.159023009244969232e-01,-1.145041911880633201e-01,-2.186107115497531658e-02,-1.511601952529023629e-01,-9.528492038192869218e-02,-9.648302953844191399e-02,-1.135384443492928885e-01,-5.069139327810593537e-02,-1.048726646300608967e-01,-6.725721809480691982e-02,-3.249693384329553625e-02,-5.074880661427843415e-02,-5.004633024740465230e-02,2.244988943821633609e-01,1.368932529135288975e-03,4.059534094625145344e-04,6.929470382786312053e-04,2.185532609329383646e-01,1.352126254325831944e-01,-2.431299514911285931e-01,-1.234856357515765474e-01,-1.491553215393187914e-01,-1.196303859968935318e-01,-6.547917926211727080e-02,-4.055767293336662305e-02,2.244988943821633609e-01,-6.465776763275397215e-03,-1.793353100246419529e-01,5.285725720608179801e-01,5.049478018921226274e-01,1.368932529135288975e-03,-6.376659125538633108e-03,3.761980429324593422e-02,-1.503919034222567785e-01,1.405113061837093558e-01,-2.157894535446268636e-01,4.059534094625145344e-04,-4.234423414543568923e-03,1.120065986775396240e-02,-3.945322877111506060e-03,-3.080956680451960982e-03,-1.127630724287477931e-01,2.098565299123882899e-01,-3.224933431873860164e-03,8.961082922511775292e-04,-3.552993271946990744e-02,-4.370489383370111669e-02,-5.183089231051103002e-02,-2.316279801462753363e-02,-1.125150821586310690e-01,1.046907309681281879e-02,-1.081074232131720991e-01,-1.145528999147350374e-01
-1.516095616305251637e-01,1.000000000000000000e+00,2.085423023544541454e-02,1.966699056919855165e-02,6.543856780959703134e-02,1.618473144040569883e-02,2.732206585174774549e-01,-1.053799751547501440e-01,1.435843696966200289e-01,2.343605727070627032e-01,4.975404919185147379e-01,-2.163238460749652148e-01,4.617871603278653758e-01,4.454798462719503638e-01,-2.526128051482846165e-02,-1.224289958516575905e-01,5.362639272384995826e-01,7.395269971905404915e-01,7.842353850440034746e-01,6.501863576275057621e-02,9.985596882647083117e-01,5.484387849126096670e-01,7.254442166353821664e-01,7.838558119451612960e-01,2.141708467199503196e-01,8.225167161367269442e-01,4.135328491037768561e-01,5.223494277329714386e-01,5.852881737096249370e-01,2.162621066484919918e-01,-1.076257848349690925e-02,-4.640010928241388236e-03,-1.616397554962915189e-04,-1.119866657445000961e-03,-1.134816002909033866e-01,-8.063799707435920228e-02,-2.273425929813453483e-01,5.133204354975620110e-01,4.318758940503985011e-01,4.583023965449974924e-01,2.828819745688426757e-01,1.868723722886238003e-01,-1.076257848349690925e-02,8.802531660063188726e-03,1.667006237358238663e-01,2.845873894721618821e-02,-1.018698195280239166e-01,-4.640010928241388236e-03,8.753508000609202047e-03,-1.478282888183268251e-01,4.098670581582598560e-01,1.435843696966200289e-01,4.617871603278705384e-01,-1.616397554962915189e-04,2.085423023544541454e-02,6.552404959435693954e-02,1.966699056919855165e-02,1.618429623357522246e-02,9.872228529727289370e-02,-2.132701285886099904e-02,1.593982517952626660e-02,-1.356255907049770800e-03,1.892634214504985701e-01,2.410383237988941163e-01,2.939995817855468596e-01,1.211381189510426504e-01,7.680009726888853416e-01,2.431305370453629433e-01,7.794944299792853082e-01,7.382921807983066076e-01
-4.234423414543568923e-03,2.085423023544541454e-02,1.000000000000000000e+00,9.990699519181041044e-01,3.655077149680960868e-01,9.969928057063607296e-01,9.355139941890014063e-03,-2.992060820620027171e-03,2.893338121123965396e-05,1.400631436347392735e-03,2.281724829796192774e-02,-5.599497241969604230e-03,2.140059828901291067e-02,6.469834274143346740e-03,3.862131923440545803e-04,-2.622175566299831274e-03,-1.016325295304518249e-03,-5.076107302900548018e-04,2.295288447631110926e-03,-5.408448885854277464e-04,2.052589156396026834e-02,-1.030943920844515750e-03,7.913878461480150213e-05,1.847326362073503821e-03,-1.153614610972548884e-03,2.403898505342528732e-02,-6.350737262179769176e-04,7.602494576189563515e-04,3.411554171137145056e-03,-1.002561092539343930e-03,1.931324939205921257e-03,-1.040093035995311079e-04,4.748538869819101359e-04,1.374832466048077004e-02,-2.433078573296717367e-03,-1.714200962838466217e-03,-6.277110053168353208e-03,2.201054598490850139e-02,2.445136456925594073e-02,1.205448881292697436e-02,5.469839832018231866e-03,-1.370106910392403015e-03,1.931324939205921257e-03,3.573802370063104347e-04,6.588386038093905529e-03,1.235972704300307423e-03,-3.481233629741745973e-03,-1.040093035995311079e-04,3.558733154998850465e-04,1.046116624367976955e-03,2.209851773161479807e-02,2.893338121123972850e-05,2.140059828901424294e-02,4.748538869819101359e-04,1.000000000000000000e+00,3.659896063580061476e-01,9.990699519181041044e-01,9.969866623498595537e-01,3.747364078968915165e-03,-3.698648905889892957e-04,8.873865746136110344e-01,-1.844311137333152020e-04,3.993573826907902136e-02,8.327725810257822006e-03,3.045731332456989848e-02,4.128215267586048814e-02,1.816499209293699407e-03,8.079852125633198070e-04,1.902468270178672228e-03,1.666910438420481522e-03
-3.945322877111506060e-03,1.966699056919855165e-02,9.990699519181041044e-01,1.000000000000000000e+00,3.594507664930551849e-01,9.944292897323928626e-01,9.036074898670854588e-03,-2.602880187353706024e-03,-3.364402878694600107e-04,1.023564868957316720e-03,2.259133947422331881e-02,-4.865371276403802903e-03,2.150311506366721359e-02,6.131189225802191611e-03,2.909339503875449221e-04,-2.761732859286518491e-03,-1.369165874438286632e-03,-9.914763850980951553e-04,1.825928712906769525e-03,-5.703157996689253197e-04,1.932003434280931548e-02,-1.222711041567439835e-03,-4.595133571197091739e-04,1.363856899434949359e-03,-1.030081126879457210e-03,2.345234236709570902e-02,-7.997541299102092858e-04,5.472841846619164955e-04,3.480518760148661184e-03,-9.631614541102945367e-04,1.715663843477548524e-03,-1.095396521901003832e-04,7.558057982344321309e-04,1.376421326446490567e-02,-2.624499279085034352e-03,-1.398874692203348714e-03,-5.702474563635064747e-03,2.172735973357957720e-02,2.483694531353743823e-02,1.189139306242088627e-02,5.426754358725002607e-03,-1.258793824314512720e-03,1.715663843477548524e-03,2.318705078293271070e-04,6.103778391982449779e-03,1.015973009537284684e-03,-2.846533644000383018e-03,-1.095396521901003832e-04,2.308609527463663066e-04,3.459680114727506275e-03,2.249440254388745258e-02,-3.364402878694600107e-04,2.150311506366909056e-02,7.558057982344321309e-04,9.990699519181039934e-01,3.599326078445865829e-01,1.000000000000000000e+00,9.944241119039878285e-01,3.225345697651232912e-03,-3.827297325633530244e-04,8.825662755905374635e-01,1.818963202141467715e-05,3.896169275107397301e-02,6.435663593603972721e-03,2.860064899871022845e-02,4.127703518777562502e-02,1.421818996546368903e-03,4.907799959198512517e-04,1.452409145576506353e-03,1.326255664307877079e-03
1.118507066058881810e-02,6.543856780959703134e-02,3.655077149680960868e-01,3.594507664930551849e-01,1.000000000000000000e+00,3.537618721309114811e-01,1.970223758551880588e-01,-2.919125875070275851e-04,1.852576347639979804e-01,1.597787972636367793e-01,2.322149477145190113e-02,-2.537209315465558529e-02,1.915096957991762466e-02,1.009744368067633062e-02,2.852803824612265299e-03,-1.361381785356217608e-02,4.337814222837281346e-03,1.483093567104496087e-02,2.694980310164593260e-02,-2.798561763022177316e-03,6.460792426311225134e-02,5.889571679144903205e-03,2.317990924707111905e-02,2.699131359823016621e-02,-5.435753337192410044e-03,7.763343198217884100e-02,7.738308026654561536e-03,3.638244575649304119e-02,4.188067099949314281e-02,-4.398176405454094946e-03,8.996488796279622502e-03,-5.804360955370667938e-04,-1.344909089810627286e-03,5.011348776472682696e-03,-1.254441003603198705e-02,-9.461595921143267293e-03,-2.536485778274025910e-02,7.667563587443812501e-02,8.325894339772396679e-02,5.945993420052218120e-02,3.549415196734440059e-02,-6.253575616986720327e-03,8.996488796279622502e-03,4.558546497134234078e-03,4.173774241098585081e-02,-3.947516821036851226e-03,-3.911305504062595820e-03,-5.804360955370667938e-04,4.547898745897779177e-03,-1.016339093984470511e-02,7.798069919752485812e-02,1.852576347639979804e-01,1.915096957993181123e-02,-1.344909089810627286e-03,3.655077149680960868e-01,9.999993580560738726e-01,3.594507664930551294e-01,3.537684814931730815e-01,3.029503123355195213e-02,1.145111360739720086e-02,4.074476860490042207e-01,-1.208508309501368175e-03,1.010784173491608984e-01,1.033207110135977158e-01,1.264860030718333583e-01,6.831944269936206238e-02,2.264205081093604438e-02,2.705849207838757764e-02,2.606060063472905725e-02,1.861685266075018691e-02
-3.080980106752083392e-03,1.618473144040569883e-02,9.969928057063607296e-01,9.944292897323928626e-01,3.537618721309114811e-01,1.000000000000000000e+00,6.610653788274991477e-03,-2.184858633003803046e-03,-1.447154002739826570e-03,-4.719890330147512758e-04,2.195235215052235983e-02,-3.927809188434693184e-03,2.066907407427110224e-02,6.060022760515698138e-03,4.892579687207519387e-04,-1.920225454796726551e-03,-1.373847025450251154e-03,-1.156811272444800004e-03,1.147732533533267528e-03,-3.933078882514021938e-04,1.587257630244743797e-02,-1.282004192173917187e-03,-7.210376078382779762e-04,6.942504163432999939e-04,-8.411435222156708053e-04,1.911968811684173000e-02,-1.125474015641215108e-03,-4.482570492503241163e-04,1.960605076538102058e-03,-8.221546130850215144e-04,1.665057259950156621e-03,-7.541758250415617031e-05,7.502539349143028634e-04,1.368989666387392112e-02,-1.813534276700545832e-03,-1.046982631404092109e-03,-4.583460368728067315e-03,2.084015400596233789e-02,2.335057553269868219e-02,1.128089494158731471e-02,5.959579374532005674e-03,-8.639372347590966623e-04,1.665057259950156621e-03,1.333210182736466404e-04,3.569320970107286561e-03,2.152707431818414157e-03,-2.311137571721919807e-03,-7.541758250415617031e-05,1.325459470803670107e-04,3.014161472045462191e-03,2.121987001007496695e-02,-1.447154002739826570e-03,2.066907407427217430e-02,7.502539349143028634e-04,9.969928057063607296e-01,3.542410710879499436e-01,9.944292897323928626e-01,9.999998601344896043e-01,1.326718126492074145e-03,-5.526469105041999837e-04,8.839669267673817554e-01,1.801380042200684769e-05,3.595496270955318013e-02,3.492004684368603395e-03,2.483650192565630202e-02,3.906840076517184568e-02,8.063330093024503094e-04,1.043122967067753600e-04,7.948605619534238878e-04,7.865298280656517508e-04
9.817542701305033426e-02,2.732206585174774549e-01,9.355139941890014063e-03,9.036074898670854588e-03,1.970223758551880588e-01,6.610653788274991477e-03,1.000000000000000000e+00,5.944877923604703455e-03,8.875037596732260337e-01,9.684139325385492381e-01,9.746307954501168269e-02,-1.279933378061465232e-01,7.850490591454037381e-02,7.805275154277338534e-02,3.886010858484293534e-02,-6.732455609670592867e-02,7.124404126343653054e-02,1.572556137686387800e-01,2.014376791494833230e-01,-1.424508816723644121e-02,2.693379362468069638e-01,8.633231283620539098e-02,2.246817143875261547e-01,2.053031811366155812e-01,-2.585976071102294438e-02,2.990350597803496657e-01,6.786762923039534046e-02,2.704860631785607761e-01,2.591817610907600766e-01,-2.434000197201412544e-02,9.459095898013802906e-03,-3.056829197829146784e-03,2.170003109548043481e-04,5.451200225817476276e-04,-6.177938559169569854e-02,-4.848362512666393176e-02,-1.322055722396705824e-01,3.882374178409001564e-01,3.413093913412653668e-01,3.518992654066880887e-01,2.603464315234768067e-01,-7.706825318280571650e-03,9.459095898013802906e-03,1.817397279683266240e-02,2.098298845940729240e-01,-2.798093234780080554e-02,2.653706695682627945e-02,-3.056829197829146784e-03,1.815662249313978668e-02,-4.187220859397745160e-02,3.330217680327134389e-01,8.875037596732260337e-01,7.850490591455749900e-02,2.170003109548043481e-04,9.355139941890014063e-03,1.972874471064325064e-01,9.036074898670854588e-03,6.610853897483686195e-03,1.546540668456662937e-01,2.389957394475832747e-02,7.556380559177722049e-03,5.148442713274598275e-04,1.239928577417665073e-01,9.102789487783956301e-02,1.427945532522321981e-01,1.056174175627886958e-01,1.810533870376782595e-01,1.780686398629957867e-01,1.994781254920786895e-01,1.568921787011922919e-01
-4.533012816408866358e-02,-1.053799751547501440e-01,-2.992060820620027171e-03,-2.602880187353706024e-03,-2.919125875070275851e-04,-2.184858633003803046e-03,5.944877923604703455e-03,1.000000000000000000e+00,2.627730241713359671e-01,-7.250548341710173761e-02,-1.211653073493683258e-01,2.915794748978891016e-01,-1.013299499042833868e-01,-1.227640036405349550e-01,5.798685631086260284e-02,-5.419608275485769677e-02,-1.825817728104373039e-02,-5.203932398424746669e-02,-7.568200673820502100e-02,2.213312609891267529e-03,-1.090557921536216696e-01,-1.086673910565177925e-02,-9.786136233466348477e-02,-8.206984757867513691e-02,4.028423820075188733e-02,-7.387437395983643962e-02,1.538114862627746118e-02,-4.926432773428155582e-02,-3.156434724336774911e-02,3.792837664264608194e-02,9.552725623370816876e-02,-3.275330452101021892e-03,-6.819381048532723207e-04,-6.536281942281643243e-04,-5.462113968838862299e-02,-7.329571948562347596e-03,4.394973124331766345e-01,-1.021031603148497002e-01,-3.527665496388458777e-02,-8.842951017865503804e-02,-8.011566025500659050e-02,-5.162258448789751319e-02,9.552725623370816876e-02,-4.833819144679697526e-03,-1.986992867778324678e-01,-1.093011130938525005e-01,1.225624123663673556e-02,-3.275330452101021892e-03,-4.345844762113184809e-03,2.834442360384685777e-01,-1.499603751165155298e-02,2.627730241713359671e-01,-1.013299499042853158e-01,-6.819381048532723207e-04,-2.992060820620028472e-03,-2.919820314199152102e-04,-2.602880187353705591e-03,-2.184842096695185486e-03,-1.416763262907842214e-01,-6.483295188100443585e-02,-2.089018262323875507e-03,-1.178449581634445501e-03,-3.348493093294055423e-02,-3.079941577046577464e-02,-4.218874739824185482e-02,-2.594435304906779483e-02,-7.141707120625331862e-02,-2.998697041480205897e-02,-7.353436764746844323e-02,-6.754330422497589748e-02
1.405113061837093558e-01,1.435843696966200289e-01,2.893338121123965396e-05,-3.364402878694600107e-04,1.852576347639979804e-01,-1.447154002739826570e-03,8.875037596732260337e-01,2.627730241713359671e-01,1.000000000000000000e+00,8.938120842836333457e-01,9.920372112305562637e-03,-2.568475677149408345e-02,7.018706181431947798e-04,5.802282953646816649e-03,1.007250374072352211e-01,-5.661626155436916275e-02,5.267759217622353107e-02,1.201059574363829430e-01,1.497534997956354030e-01,-1.082050638649742491e-02,1.400416442662834882e-01,7.062716448267963854e-02,1.704599092774865821e-01,1.530320484848385898e-01,-8.226136865983196822e-03,1.761619585723240566e-01,6.494650667249787790e-02,2.368475459586635579e-01,2.280739106220047441e-01,-5.942403570515402897e-03,6.546591060392357997e-02,-3.302741573539294279e-03,-8.991210624870418669e-05,1.677566952474459565e-04,-5.197952733764270999e-02,-4.070500476616407959e-02,7.904130881915456125e-03,2.951934564730079313e-01,3.086544981959536971e-01,2.878528709825509679e-01,2.176775382958056337e-01,-1.929903747015927762e-02,6.546591060392357997e-02,1.321900230323382920e-02,7.968158072104568335e-02,-1.125428297115461593e-02,5.247968269086174947e-02,-3.302741573539294279e-03,1.333054912310739810e-02,3.918979965880917821e-02,3.118107799912908096e-01,1.000000000000000000e+00,7.018706181465079932e-04,-8.991210624870418669e-05,2.893338121123957942e-05,1.855012316035683784e-01,-3.364402878694600107e-04,-1.447130298196054468e-03,4.631657018419817889e-02,-8.022017117977358128e-03,3.522743768562340669e-04,4.480424902006695026e-05,9.321936518309915931e-02,5.655746343874155924e-02,9.385628267111088829e-02,8.114592196167440263e-02,1.278721485659143897e-01,1.784423623955511129e-01,1.483172074545504038e-01,1.040690797881198837e-01
1.291164201141949130e-01,2.343605727070627032e-01,1.400631436347392735e-03,1.023564868957316720e-03,1.597787972636367793e-01,-4.719890330147512758e-04,9.684139325385492381e-01,-7.250548341710173761e-02,8.938120842836333457e-01,1.000000000000000000e+00,8.798446402953093159e-02,-1.407824837336200119e-01,6.955894642824783647e-02,7.896659222862903449e-02,7.308822817998414378e-02,-4.954695980195436555e-02,7.375434185954124477e-02,1.640400552292429204e-01,2.052889367712982527e-01,-1.336543340331263451e-02,2.312173110648309826e-01,9.077627851468327014e-02,2.378065582540088152e-01,2.104501404256464703e-01,-2.545216804925242576e-02,2.502956345310647923e-01,6.539617119731283568e-02,2.741543493810789101e-01,2.571208082079202151e-01,-2.415725199435666062e-02,1.908548381681349215e-02,-2.587963923436934974e-03,2.546607454682746526e-04,4.471698295453014563e-04,-4.413474254550547871e-02,-4.439350509694607594e-02,-1.566270171434373804e-01,3.813240170974735999e-01,3.345172348539720009e-01,3.606731183447278166e-01,2.844726604078038901e-01,4.824975740737693850e-03,1.908548381681349215e-02,1.500528319576468865e-02,1.861489896642292696e-01,4.455549552448334096e-03,4.067311691276696145e-02,-2.587963923436934974e-03,1.495592151935072958e-02,-5.728044869365456898e-02,3.301178462818983861e-01,8.938120842836332347e-01,6.955894642825415086e-02,2.546607454682746526e-04,1.400631436347392952e-03,1.599942773594143774e-01,1.023564868957316503e-03,-4.719797988765498482e-04,1.306916437986242741e-01,2.162412739350599855e-02,1.030920953025733257e-03,5.740747679260501616e-04,1.064352007525925375e-01,6.820452550480869680e-02,1.154489411791365383e-01,9.414290407207231981e-02,1.830706520826631545e-01,1.912584717455251548e-01,2.032373240175373019e-01,1.576085427395624294e-01
-1.915593560475590817e-01,4.975404919185147379e-01,2.281724829796192774e-02,2.259133947422331881e-02,2.322149477145190113e-02,2.195235215052235983e-02,9.746307954501168269e-02,-1.211653073493683258e-01,9.920372112305562637e-03,8.798446402953093159e-02,1.000000000000000000e+00,-2.175575871063456512e-01,9.590156867037125110e-01,9.827756046770119713e-01,-2.425819132365851505e-02,-1.239536054024895362e-01,2.240522652231808354e-01,4.871429599909771757e-01,5.799068276791745635e-01,-2.446247579814830528e-02,4.938447607343163237e-01,2.155089825711346274e-01,6.036583604977241446e-01,5.754174516854742016e-01,-4.687331092026494894e-02,2.258687750812729544e-01,4.669540116949889852e-02,2.884411331572218629e-01,2.443500879300964379e-01,-4.517463317343022033e-02,-9.118460023852201224e-02,-4.724487220082500272e-03,5.721616597101641683e-04,1.054848154150111236e-03,-1.152044082525560953e-01,-7.963125448437213816e-02,-2.515882267046959941e-01,9.484374509966835287e-01,8.811729478522061232e-01,9.400715923915196059e-01,8.532053758576957359e-01,2.132692598479086488e-01,-9.118460023852201224e-02,5.516211261091194702e-03,2.344887756680252844e-01,-2.140260091651272414e-02,-1.436975117193735052e-01,-4.724487220082500272e-03,5.475064207220573138e-03,-3.301452978411901357e-02,8.756142237394755057e-01,9.920372112305559167e-03,9.590156867037049615e-01,5.721616597101641683e-04,2.281724829796192774e-02,2.325332977895705130e-02,2.259133947422331881e-02,2.195233649693701175e-02,1.126907186085032569e-01,-5.110160406858152427e-02,1.678641289472386153e-02,1.097314639714117241e-03,7.607199053520037613e-02,3.993193990429728946e-02,7.863525252637880436e-02,7.316861932682093561e-02,5.771100240242548196e-01,1.707436044688144805e-01,5.820751999587995273e-01,5.591471087301761456e-01
-2.466826942334996997e-01,-2.163238460749652148e-01,-5.599497241969604230e-03,-4.865371276403802903e-03,-2.537209315465558529e-02,-3.927809188434693184e-03,-1.279933378061465232e-01,2.915794748978891016e-01,-2.568475677149408345e-02,-1.407824837336200119e-01,-2.175575871063456512e-01,1.000000000000000000e+00,-1.454831761388686306e-01,-2.366862189451471310e-01,-2.049399375975919160e-02,-1.490008357555504814e-01,-8.241267654516400143e-02,-1.294404570064865423e-01,-1.687098773056289747e-01,-2.765945952960736920e-02,-2.124884110433037099e-01,-4.868334998542718506e-02,-1.853776262770597538e-01,-1.660385526006487311e-01,4.538561999811106112e-02,-1.544474134221794082e-01,6.727102695024641567e-03,-1.203555969572872031e-01,-8.768835938974395283e-02,5.745997866966234824e-02,-8.968254098326020052e-02,-6.272823295017508974e-03,6.193212602818413699e-04,-6.876114044537744814e-04,-1.451611713240464896e-01,-5.231692020270731214e-02,7.108031403623402689e-01,-2.308455855110754240e-01,-1.586742839439862773e-01,-2.186569098285472967e-01,-1.711748884098291679e-01,-1.058926893483281839e-01,-8.968254098326020052e-02,-9.288761617713428564e-03,-3.751487728365103802e-01,-3.728294234994367629e-01,-1.826909423622726236e-01,-6.272823295017508974e-03,-9.307095866275672327e-03,2.213003326190163267e-01,-1.323136845259107464e-01,-2.568475677149406958e-02,-1.454831761388730715e-01,6.193212602818413699e-04,-5.599497241969601628e-03,-2.540583561420391503e-02,-4.865371276403803770e-03,-3.927793883990673800e-03,-2.808205551646493769e-01,-1.330077365664877054e-01,-3.946394524418405172e-03,2.596487652250277305e-04,-6.703175524662854934e-02,-5.806080132137118183e-02,-8.152546233243990192e-02,-5.318974839559634238e-02,-1.567233130186245493e-01,-5.499509148832221889e-02,-1.597563103965786713e-01,-1.499693316903622786e-01
-2.157894535446269746e-01,4.617871603278653758e-01,2.140059828901291067e-02,2.150311506366721359e-02,1.915096957991762466e-02,2.066907407427110224e-02,7.850490591454037381e-02,-1.013299499042833868e-01,7.018706181431947798e-04,6.955894642824783647e-02,9.590156867037125110e-01,-1.454831761388686306e-01,1.000000000000000000e+00,9.415196832067433963e-01,-2.635858929690083549e-02,-1.387652108534968010e-01,2.126676577312047178e-01,4.796426688204963873e-01,5.766698448077728356e-01,-2.725274824335247384e-02,4.584001849191275402e-01,2.069358213436618132e-01,5.933004114087588876e-01,5.719480315984885044e-01,-4.333605800524499563e-02,1.638907032096423855e-01,2.736816102477821616e-02,2.356910594787673674e-01,2.040428784954647357e-01,-4.058854917893588155e-02,-1.000612077163718777e-01,-5.336004275455041683e-03,6.343168238753031608e-04,1.014884039726640349e-03,-1.295016683677424618e-01,-8.569455995479006993e-02,-2.027412013810869496e-01,9.054123300513025052e-01,9.224026833699946470e-01,9.201058844656724300e-01,7.950010903423840869e-01,1.831186184491175317e-01,-1.000612077163718777e-01,6.409125033853031381e-03,2.112670113560915219e-01,-3.984697375738929098e-02,-1.614497033736017328e-01,-5.336004275455041683e-03,6.361995356146696833e-03,-5.194861021662493250e-03,9.163326705414498452e-01,7.018706181431720115e-04,9.999999999999991118e-01,6.343168238753031608e-04,2.140059828901291761e-02,1.917743110917120505e-02,2.150311506366721706e-02,2.066904280038356703e-02,1.047271712386296516e-01,-6.406157302774544149e-02,1.633359923320745061e-02,1.146654701045777842e-03,7.611085474151904617e-02,3.316990150186398950e-02,7.286172870661052070e-02,7.533028946954539729e-02,5.734497244605010202e-01,1.706091685755221354e-01,5.784582964490683210e-01,5.557676821094348352e-01
-1.714424675362565820e-01,4.454798462719503638e-01,6.469834274143346740e-03,6.131189225802191611e-03,1.009744368067633062e-02,6.060022760515698138e-03,7.805275154277338534e-02,-1.227640036405349550e-01,5.802282953646816649e-03,7.896659222862903449e-02,9.827756046770119713e-01,-2.366862189451471310e-01,9.415196832067433963e-01,1.000000000000000000e+00,-2.199413683302214872e-02,-1.111505731290913512e-01,2.187687002092824629e-01,4.707205263000406870e-01,5.531712831147385101e-01,-2.199349321038161428e-02,4.421537735199270736e-01,2.066614446931941962e-01,5.794643545361425341e-01,5.489639161638230069e-01,-4.387759503854536669e-02,1.682137574507422129e-01,3.984769441236208493e-02,2.593930218418091793e-01,2.106192638151919705e-01,-4.257495214298500502e-02,-8.370090206378483222e-02,-4.217457694184171928e-03,5.036378201052783138e-04,7.921002117037022122e-04,-1.030919278046327353e-01,-7.279193592954125158e-02,-2.587118885989811434e-01,9.327456244798599805e-01,8.515231766147292047e-01,9.424902533850156860e-01,8.912791541717582922e-01,1.996589815052145223e-01,-8.370090206378483222e-02,5.313361098022595201e-03,2.205872412614206801e-01,4.576447432449165000e-03,-1.283139785475999883e-01,-4.217457694184171928e-03,5.276052861057045802e-03,-4.867615586984529175e-02,8.507844825963238877e-01,5.802282953646821853e-03,9.415196832067213029e-01,5.036378201052783138e-04,6.469834274143346740e-03,1.011150950860302024e-02,6.131189225802191611e-03,6.060145201857772106e-03,9.318156658236417811e-02,-4.651348649258141982e-02,4.617808745093763753e-03,1.019160254651614974e-03,5.991701086879898386e-02,1.665439166474159266e-02,5.189287027783605344e-02,6.317020510121074128e-02,5.480132100059206257e-01,1.781784482173136841e-01,5.548631679696405250e-01,5.290493230953353665e-01
6.518063983561976638e-02,-2.526128051482846165e-02,3.862131923440545803e-04,2.909339503875449221e-04,2.852803824612265299e-03,4.892579687207519387e-04,3.886010858484293534e-02,5.798685631086260284e-02,1.007250374072352211e-01,7.308822817998414378e-02,-2.425819132365851505e-02,-2.049399375975919160e-02,-2.635858929690083549e-02,-2.199413683302214872e-02,1.000000000000000000e+00,2.261008178700486537e-01,-1.657109021259208295e-02,-2.087403585263191211e-02,-2.159531872286890239e-02,-3.166384285662160111e-03,-2.480215975276183621e-02,-1.576501847543143250e-02,-1.949901713139181106e-02,-2.120786519479951268e-02,-6.843420433645914548e-03,-1.978947859024847433e-02,-1.168984924631416566e-02,-1.361471637091478219e-02,-1.570068798097672830e-02,-6.697771697981327182e-03,1.697403393882391254e-01,-6.050173440335339858e-04,4.521456891109961054e-05,7.170501990298287244e-05,2.284054781420217228e-01,2.408403019382095861e-02,1.300393344838920301e-02,-6.196848424213832925e-03,5.672046980199640931e-02,9.398023381892040701e-03,-3.075759772909279939e-03,-4.732005771179075525e-03,1.697403393882391254e-01,-8.880232157280123226e-04,-3.444254623419865102e-02,5.197051445866874425e-02,-1.616308180881026457e-02,-6.050173440335339858e-04,-8.895172207627060094e-04,-4.128253528160064773e-02,8.752207408781025044e-02,1.007250374072352211e-01,-2.635858929690090141e-02,4.521456891109961054e-05,3.862131923440546887e-04,2.856724148372112929e-03,2.909339503875450306e-04,4.892856683479237731e-04,-1.533660296501123017e-02,-1.250115506005467121e-02,4.093401915470078634e-04,8.543102576728662232e-05,-7.200754733055591238e-03,-6.011239884110166840e-03,-8.567682454971753056e-03,-5.776433636911121154e-03,-2.024549478682859116e-02,-6.296776053501539593e-03,-2.052983416173959769e-02,-1.950138146025322261e-02
2.328787596928982850e-01,-1.224289958516575905e-01,-2.622175566299831274e-03,-2.761732859286518491e-03,-1.361381785356217608e-02,-1.920225454796726551e-03,-6.732455609670592867e-02,-5.419608275485769677e-02,-5.661626155436916275e-02,-4.954695980195436555e-02,-1.239536054024895362e-01,-1.490008357555504814e-01,-1.387652108534968010e-01,-1.111505731290913512e-01,2.261008178700486537e-01,1.000000000000000000e+00,-8.026016072049901862e-02,-1.011042789967438876e-01,-1.046117703506595636e-01,-1.533497447401898847e-02,-1.202007042985995672e-01,-7.635391085580883752e-02,-9.444400997955777755e-02,-1.027297283891999702e-01,-3.314231020677273210e-02,-9.593733635570705909e-02,-5.661747384858856202e-02,-6.594908118244825757e-02,-7.606657935136387771e-02,-3.243697593725963779e-02,2.111366091190326755e-01,1.879636307212835533e-02,2.521386316237303189e-04,3.842313101125179281e-04,9.875620650640273279e-01,2.412998648589358419e-01,-1.196923214342361930e-01,-1.254455573237369947e-01,-1.338812564589774157e-01,-1.222045997507249793e-01,-8.059394138158054721e-02,7.859097628904443411e-02,2.111366091190326755e-01,-4.336233833130586322e-03,-1.052818136190644682e-01,2.483670688905259827e-01,-2.790602043752009667e-02,1.879636307212835533e-02,-4.345368034652427255e-03,-1.967055439672384110e-01,-1.307579733943345646e-01,-5.661626155436916275e-02,-1.387652108534968287e-01,2.521386316237303189e-04,-2.622175566299830840e-03,-1.363196711320032416e-02,-2.761732859286518491e-03,-1.920209329168820868e-03,-7.407612286694453818e-02,-3.640673333587995247e-02,-2.044095094964859874e-03,5.248860019258995598e-04,-3.503175757031460474e-02,-2.913553569110623187e-02,-4.160628917304579066e-02,-2.814413068066554807e-02,-9.806604967118315308e-02,-3.049997658411232951e-02,-9.944324771325474543e-02,-9.446174717453011127e-02
-1.004716955341784790e-01,5.362639272384995826e-01,-1.016325295304518249e-03,-1.369165874438286632e-03,4.337814222837281346e-03,-1.373847025450251154e-03,7.124404126343653054e-02,-1.825817728104373039e-02,5.267759217622353107e-02,7.375434185954124477e-02,2.240522652231808354e-01,-8.241267654516400143e-02,2.126676577312047178e-01,2.187687002092824629e-01,-1.657109021259208295e-02,-8.026016072049901862e-02,1.000000000000000000e+00,7.032549950061524058e-01,6.553365553017251877e-01,6.425330095802579411e-01,5.359490513039334436e-01,9.002799074523074596e-01,4.207711071098405586e-01,6.537673171186486609e-01,7.746097239237450527e-01,3.500876239160231607e-01,6.260383256120997109e-01,2.607904453237717135e-01,4.854127758782654789e-01,5.655832301247341043e-01,5.737224465522340611e-02,-3.041798151534306442e-03,2.586242033720045084e-04,-5.802411829809168801e-04,-7.439428645881294988e-02,-5.286523022736733246e-02,-3.776345903274155869e-02,2.286098096314354289e-01,1.823608807736122328e-01,2.109922439526575322e-01,1.573304586014368234e-01,1.244945201227905529e-01,5.737224465522340611e-02,3.007776723758293514e-03,-6.234857675541972954e-02,8.926302303278829675e-02,-3.965922547066904127e-03,-3.041798151534306442e-03,2.981767265339194378e-03,-7.917927707318027364e-02,1.776346148295607219e-01,5.267759217622355189e-02,2.126676577311945870e-01,2.586242033720045084e-04,-1.016325295304518249e-03,4.343991083033209820e-03,-1.369165874438286849e-03,-1.373822509707131774e-03,2.043063346313429840e-02,-2.533474277547543771e-02,-1.035678248792306581e-03,-2.212225512874427290e-04,6.534837509397337096e-02,2.067202875217461627e-02,5.287885094760336191e-02,6.549444676971052925e-02,6.024636665515837874e-01,1.412408054832766102e-01,6.041541099386865676e-01,5.890126683235598071e-01
-1.159023009244969232e-01,7.395269971905404915e-01,-5.076107302900548018e-04,-9.914763850980951553e-04,1.483093567104496087e-02,-1.156811272444800004e-03,1.572556137686387800e-01,-5.203932398424746669e-02,1.201059574363829430e-01,1.640400552292429204e-01,4.871429599909771757e-01,-1.294404570064865423e-01,4.796426688204963873e-01,4.707205263000406870e-01,-2.087403585263191211e-02,-1.011042789967438876e-01,7.032549950061524058e-01,1.000000000000000000e+00,9.381548857771964123e-01,-1.840864819855613996e-02,7.391811023593976016e-01,8.265719666518922537e-01,8.056611777154064624e-01,9.361967194310599760e-01,5.148869892952413485e-01,4.622232060569290701e-01,6.702856173300383302e-01,4.859075803909460589e-01,6.806357262907181127e-01,5.445568771378137551e-01,-8.094983435914126016e-03,-3.831772004318939953e-03,2.387504691094525123e-04,-1.200350752148854469e-03,-9.371479638363487685e-02,-6.659598833672698837e-02,-1.172132149940119106e-01,4.976350276163075681e-01,4.211868179216205488e-01,4.666718944152088988e-01,3.445516958490562054e-01,2.637588792527698622e-01,-8.094983435914126016e-03,9.854441991584788479e-03,-7.969658176917776560e-02,1.120557582429177051e-01,-8.201054793047958535e-02,-3.831772004318939953e-03,9.808401368005479834e-03,-8.222524808835682264e-02,4.108207352837913717e-01,1.201059574363829291e-01,4.796426688204788458e-01,2.387504691094525123e-04,-5.076107302900548018e-04,1.485136162515973864e-02,-9.914763850980951553e-04,-1.156773223305744384e-03,-5.836327193483078352e-02,-3.867186830741044246e-02,-8.551370083124161395e-04,-7.350276552047401487e-04,8.843716129260420500e-02,2.886206296904698237e-02,6.715735827657820511e-02,8.661297102630069467e-02,9.316264230963186010e-01,2.346141601618287331e-01,9.358614297188072584e-01,9.091148788101938161e-01
-1.145041911880633201e-01,7.842353850440034746e-01,2.295288447631110926e-03,1.825928712906769525e-03,2.694980310164593260e-02,1.147732533533267528e-03,2.014376791494833230e-01,-7.568200673820502100e-02,1.497534997956354030e-01,2.052889367712982527e-01,5.799068276791745635e-01,-1.687098773056289747e-01,5.766698448077728356e-01,5.531712831147385101e-01,-2.159531872286890239e-02,-1.046117703506595636e-01,6.553365553017251877e-01,9.381548857771964123e-01,1.000000000000000000e+00,1.013737833017259865e-01,7.838988343525619129e-01,6.811806396412515285e-01,9.160460411988249341e-01,9.980840922822511452e-01,3.139440664501448319e-01,4.417188111617632029e-01,4.563755092198658603e-01,5.508610523781847235e-01,6.493043459074799850e-01,3.047874255242603581e-01,-6.472524460282278770e-03,-3.964709734375449629e-03,1.277516340192444011e-06,-1.692558536550466857e-03,-9.696605804946692442e-02,-6.890551599294196528e-02,-1.666340917933988863e-01,5.950184415446172492e-01,5.132837653168463854e-01,5.562101970694866004e-01,4.029474487190413123e-01,2.984093332482375405e-01,-6.472524460282278770e-03,1.461969317108241517e-02,-6.798556557117983734e-02,1.485568256626544903e-01,-6.882814660986356914e-02,-3.964709734375449629e-03,1.456235740636653390e-02,-1.059184680306089754e-01,4.990632352199368960e-01,1.497534997956354030e-01,5.766698448077633987e-01,1.277516340192444011e-06,2.295288447631110926e-03,2.698541609125477969e-02,1.825928712906769958e-03,1.147754741343928481e-03,-3.486635254107824794e-02,-4.907772206055459330e-02,1.176683054066230425e-03,-1.387407694844857223e-03,1.300968636753452035e-01,5.330747637250179971e-02,9.977674668997188467e-02,1.204678356128063010e-01,9.796977978361589567e-01,2.801019787229234725e-01,9.891845595717807527e-01,9.514790107447976819e-01
-2.186107115497531658e-02,6.501863576275057621e-02,-5.408448885854277464e-04,-5.703157996689253197e-04,-2.798561763022177316e-03,-3.933078882514021938e-04,-1.424508816723644121e-02,2.213312609891267529e-03,-1.082050638649742491e-02,-1.336543340331263451e-02,-2.446247579814830528e-02,-2.765945952960736920e-02,-2.725274824335247384e-02,-2.199349321038161428e-02,-3.166384285662160111e-03,-1.533497447401898847e-02,6.425330095802579411e-01,-1.840864819855613996e-02,1.013737833017259865e-01,1.000000000000000000e+00,6.554705197846846798e-02,2.968128676739485994e-01,-1.794601681687885142e-02,1.012460727385639803e-01,3.386338011232155609e-01,-1.854221825165774246e-02,-1.002859883579772932e-02,-1.297337779193645860e-02,-1.441411239248363042e-02,-5.202291763139759231e-03,8.498097018636298350e-02,-5.811809501603446525e-04,6.739353112719045642e-05,7.787986137414665635e-05,-1.421437125369363549e-02,-1.009967522833371718e-02,1.009255518688818680e-02,-2.510066191270712149e-02,-2.688118609207217763e-02,-2.545988202970343381e-02,-1.623881354529943186e-02,-9.102973442279692351e-03,8.498097018636298350e-02,-8.577197329877864120e-04,-3.330081770764144883e-02,7.200004576557639258e-02,8.702792536897706321e-02,-5.811809501603446525e-04,-8.595933489304415824e-04,-5.040408157109303733e-02,-2.619222719485440540e-02,-1.082050638649742491e-02,-2.725274824335241833e-02,6.739353112719045642e-05,-5.408448885854277464e-04,-2.802294854740660507e-03,-5.703157996689253197e-04,-3.933049554860220363e-04,7.881139879116519364e-02,-1.262493918908723367e-02,-4.243942892407469433e-04,1.298035659154852129e-04,-1.542006324719689297e-04,-5.733138519059614337e-03,-3.934251280988762360e-03,2.033047035929596603e-03,2.841707360973804233e-02,-4.812805713702963777e-03,2.694170778226747526e-02,2.946986086624027099e-02
-1.511601952529023629e-01,9.985596882647083117e-01,2.052589156396026834e-02,1.932003434280931548e-02,6.460792426311225134e-02,1.587257630244743797e-02,2.693379362468069638e-01,-1.090557921536216696e-01,1.400416442662834882e-01,2.312173110648309826e-01,4.938447607343163237e-01,-2.124884110433037099e-01,4.584001849191275402e-01,4.421537735199270736e-01,-2.480215975276183621e-02,-1.202007042985995672e-01,5.359490513039334436e-01,7.391811023593976016e-01,7.838988343525619129e-01,6.554705197846846798e-02,1.000000000000000000e+00,5.502009225048746233e-01,7.274870627323822836e-01,7.862363799412388499e-01,2.153416060732982751e-01,8.193886920992888845e-01,4.129487850539546590e-01,5.189553632324513943e-01,5.825454865765160584e-01,2.173494614100716371e-01,-1.023659729539831177e-02,-4.555551105427213532e-03,-1.733126554322287651e-04,-1.143023548519065194e-03,-1.114160537251966954e-01,-7.917100161480346288e-02,-2.231750758416721769e-01,5.095721426917262376e-01,4.274576625884265457e-01,4.545276012843318392e-01,2.811821442858312703e-01,1.885635980964495972e-01,-1.023659729539831177e-02,7.850506460044173046e-03,1.584928020662520753e-01,3.079562273136688191e-02,-1.035441067077547961e-01,-4.555551105427213532e-03,7.804096856292763208e-03,-1.600005643919986120e-01,4.057335474207260373e-01,1.400416442662834882e-01,4.584001849191330913e-01,-1.733126554322287651e-04,2.052589156396026834e-02,6.469226793082720472e-02,1.932003434280931548e-02,1.587211112984429628e-02,9.358021739674644845e-02,-2.217210237882141777e-02,1.564389924859928976e-02,-1.381180235568077062e-03,1.844271203200844589e-01,2.376266665487332397e-01,2.896361874780536971e-01,1.171382811888923708e-01,7.684799961766453080e-01,2.425128678135325955e-01,7.798854661188265869e-01,7.388622136899517523e-01
-9.528492038192869218e-02,5.484387849126096670e-01,-1.030943920844515750e-03,-1.222711041567439835e-03,5.889571679144903205e-03,-1.282004192173917187e-03,8.633231283620539098e-02,-1.086673910565177925e-02,7.062716448267963854e-02,9.077627851468327014e-02,2.155089825711346274e-01,-4.868334998542718506e-02,2.069358213436618132e-01,2.066614446931941962e-01,-1.576501847543143250e-02,-7.635391085580883752e-02,9.002799074523074596e-01,8.265719666518922537e-01,6.811806396412515285e-01,2.968128676739485994e-01,5.502009225048746233e-01,1.000000000000000000e+00,4.177183685180421713e-01,6.823974744353494826e-01,8.854028754649149180e-01,4.286865161312668482e-01,8.469144889546627031e-01,2.902811963102068238e-01,6.245308259908393111e-01,7.942944593923141339e-01,2.249748780911604157e-02,-2.893736033147563738e-03,2.505585665685044691e-04,-6.180128841584329145e-04,-7.077325996294245303e-02,-5.029401891649594447e-02,-3.222588411612748848e-03,2.255570459207799916e-01,1.888581105444055441e-01,2.089692894776919441e-01,1.529884810071469037e-01,1.551787686261918708e-01,2.249748780911604157e-02,1.697629290769791903e-03,-7.476957915503341934e-02,3.133826130489111156e-02,-3.742254881054215415e-02,-2.893736033147563738e-03,1.675413346928933877e-03,-3.780210048679626123e-02,1.846853670344058840e-01,7.062716448267963854e-02,2.069358213436518212e-01,2.505585665685044691e-04,-1.030943920844515317e-03,5.897836356380777370e-03,-1.222711041567439835e-03,-1.281980553269911711e-03,-2.788469625639904484e-02,-3.131384416493897260e-02,-9.971135097114084897e-04,-2.508021621266400773e-04,4.421004995598758203e-02,1.261417186984661182e-02,3.623293773184434186e-02,4.547097267769500961e-02,6.609690511251957723e-01,1.251092611175404767e-01,6.581534595356318684e-01,6.505864703185753051e-01
